"","mean","sd","mbea","mbep","cr","ac","is","ic","goal"
"mbea",3.18,0.65,1,-0.1,0.33,0.24,0.34,0.28,0.24
"mbep",2.38,0.81,-0.1,1,-0.38,-0.66,-0.64,-0.61,-0.33
"cr",2.62,0.78,0.33,-0.38,1,0.59,0.63,0.7,0.29
"ac",3.47,0.77,0.24,-0.66,0.59,1,0.73,0.78,0.32
"is",3.28,0.77,0.34,-0.64,0.63,0.73,1,0.8,0.33
"ic",3.29,0.83,0.28,-0.61,0.7,0.78,0.8,1,0.34
"goal",3.89,0.63,0.24,-0.33,0.29,0.32,0.33,0.34,1
